loss: 0.50008
acc: 0.8418

score [0.5843225017892129, 0.8678010472452453]
